108 161
108 163
110 161
110 163
111 163
112 161
113 161
154 165
155 163
155 165
156 163
156 164
156 165
157 165
158 165
158 168
158 169
160 168
160 170
164 170
165 172
165 439
165 441
165 443
165 445
166 441
167 441
167 442
168 441
168 442
168 444
169 1312
169 444
169 448
205 219
205 220
206 217
206 218
206 219
206 220
207 219
207 220
208 219
208 220
213 220
214 218
219 256
221 1016
221 227
221 228
222 229
222 230
223 230
224 230
224 231
224 232
225 230
226 1166
226 1167
226 232
227 1016
227 1167
228 1008
228 1009
228 1010
228 1016
228 1163
228 1165
228 1166
229 1163
230 1010
316 358
316 372
317 358
319 358
319 361
319 363
319 364
320 364
321 357
321 358
323 358
326 358
326 371
326 372
354 358
354 369
354 370
355 370
357 370
358 363
358 367
358 369
358 370
358 371
358 372
359 370
360 1223
360 1224
360 1230
360 368
360 369
360 370
362 366
362 367
362 368
362 369
363 372
365 372
365 374
367 374
367 375
367 376
368 1224
368 376
369 376
369 377
369 378
370 376
371 378
371 379
371 380
373 380
375 382
376 1223
376 1224
376 1225
376 1226
376 1231
376 1232
520 707
521 695
521 698
521 699
521 705
521 707
522 707
524 707
525 707
541 545
542 793
544 555
544 556
544 557
545 549
545 554
545 555
545 557
545 558
545 561
545 595
546 556
547 554
547 556
549 553
549 554
572 707
574 707
575 707
577 704
577 705
577 706
577 707
613 692
613 693
622 693
623 693
624 692
624 693
624 694
624 695
625 694
625 695
625 698
625 700
625 701
625 707
626 694
626 695
627 692
627 693
628 695
629 692
629 694
629 695
699 703
699 705
700 707
700 711
701 711
712 926
716 930
717 926
717 930
721 926
721 930
726 968
727 968
733 968
735 968
756 938
757 870
757 922
757 926
757 929
757 930
757 931
757 932
757 938
758 869
758 870
758 938
759 867
759 869
760 865
760 866
760 867
760 870
760 937
760 938
760 939
760 940
760 943
760 945
761 865
761 866
761 867
762 859
762 860
762 867
762 868
763 861
763 866
763 945
764 866
764 945
764 962
768 859
768 860
768 861
768 862
773 777
775 779
776 796
776 798
777 781
777 795
777 796
777 799
778 794
778 796
778 797
779 796
779 797
779 801
779 836
780 792
780 794
781 790
781 791
781 792
781 794
781 795
782 790
782 791
782 792
782 797
783 787
783 788
783 789
783 792
783 797
784 1017
784 1019
784 1020
784 791
785 1019
785 1020
785 1021
785 1022
785 1023
785 1024
785 1025
785 1028
785 1029
785 1032
785 1037
785 791
786 1020
787 1004
787 1020
789 793
791 1017
791 1019
791 1022
795 799
801 986
805 984
805 985
805 986
812 938
812 943
813 943
813 945
813 962
814 938
814 943
815 938
816 943
817 929
817 936
817 937
817 938
817 943
819 959
819 961
819 962
819 963
819 964
820 943
820 958
820 959
820 962
821 962
821 963
822 963
822 964
822 968
823 963
823 965
823 968
824 962
824 963
824 965
825 965
826 968
828 965
828 966
828 970
828 982
828 984
840 855
841 855
846 853
846 855
847 853
847 855
848 855
848 860
849 855
849 860
850 860
850 862
851 860
851 862
854 860
855 860
855 914
855 918
856 918
856 920
856 920
858 864
858 868
858 920
858 920
859 868
859 918
860 868
860 872
860 918
863 940
863 940
865 940
865 940
866 945
866 945
867 920
867 920
868 872
868 918
868 920
868 920
869 915
869 917
869 919
869 919
869 920
869 920
869 922
869 922
870 919
870 919
870 920
870 920
870 922
870 922
870 931
870 931
870 932
870 932
870 938
870 938
870 939
870 939
870 940
870 940
873 922
874 922
874 926
887 972
890 974
890 980
890 982
890 985
890 986
891 967
891 968
891 969
891 970
891 971
891 973
891 974
892 967
892 968
892 971
892 972
892 973
893 968
894 968
915 922
916 921
916 922
916 926
919 932
921 932
921 934
922 926
922 932
923 934
924 934
925 932
925 933
925 934
926 930
926 931
926 932
927 934
927 935
927 936
928 934
928 936
929 936
929 937
929 938
931 938
931 939
931 940
933 940
933 941
934 940
935 942
935 943
936 943
937 943
937 944
937 945
938 943
939 945
939 946
939 947
940 947
941 947
941 948
941 949
942 949
942 950
942 951
942 952
943 951
943 952
943 962
944 952
944 953
944 954
944 956
945 952
945 953
945 954
945 962
946 954
946 956
948 956
950 956
950 957
950 958
951 956
951 958
952 958
952 962
953 962
958 962
966 970
970 974
970 983
971 976
972 996
973 979
973 996
974 979
974 980
974 982
974 983
974 996
975 983
976 979
977 983
979 1033
980 1033
1266 1270
1268 1272
1269 1281
1269 1282
1269 1283
1270 1274
1270 1283
1270 1284
1270 1288
1271 1279
1272 1277
1272 1279
1272 1282
1273 1280
1273 1283
1274 1279
1274 1280
1274 1283
1274 1284
1280 1284
